0 58.6314
0 112.036
0 115.776
0 119.362
0 125.154
0 100.342
50.8015 106.655
1914.26 117.941
1905.8 103.705
51.6962 103.096
0 115.447
0 114.191
0 109.146
0 132.905
0 126.57
0 61.4416
0 58.5046
0 106.854
0 106.918
0 103.737
0 121.445
0 112.694
35.5099 105.148
615.187 133.75
626.923 129.751
37.6735 125.673
0 99.2801
0 104.481
0 109.252
0 101.438
0 106.261
0 57.5635
0 22.4712
0 35.2148
0 34.2328
0 34.3609
0 39.3847
0 41.2243
2.70063 39.2659
11.2548 44.1808
11.8107 51.1788
1.39058 43.8986
0 32.1212
0 31.5683
0 33.9574
0 31.4019
0 29.7485
0 15.9476
0 5.6988
0 9.84695
0 9.00737
0 12.8689
0 8.42153
0 10.2885
0 11.0239
0 8.07318
0 10.626
0 12.43
0 11.4248
0 13.1629
0 11.8953
0 12.2464
0 12.8002
0 8.24755
0 2.11339
0 5.10791
0 6.33868
0 8.44018
0 5.31395
0 5.86995
0 3.9181
0 2.5428
0 2.38131
0 4.12079
0 8.10135
0 8.87849
0 6.95655
0 8.20876
0 8.47794
0 2.77712
0 1.8333
0 4.01104
0 3.49477
0 6.08853
0 4.97414
0 4.36156
0 2.07402
0 4.07957
0 4.12564
0 1.44994
0 4.38396
0 3.60824
0 2.85328
0 3.83162
0 6.65656
0 2.26546
0 0.885521
0 3.67931
0 4.43131
0 4.90902
0 1.93624
0 2.20469
0 0.882974
0 1.79308
0 2.07568
0 0.932094
0 1.46812
0 1.56856
0 2.49562
0 2.76966
0 4.56002
0 1.27102
0 0.0388088
0 0.946661
0 1.50001
0 2.24811
0 0.753039
0 0.935823
0 0.772958
0 1.17829
0 1.08234
0 1.38554
0 1.21789
0 2.70766
0 3.00523
0 3.07373
0 3.90804
0 2.5391
0 0.377854
0 1.78409
0 1.47843
0 0.874057
0 0.809171
0 2.10391
0 1.61636
0 1.17166
0 0.930728
0 0.59536
0 0.55449
0 2.29536
0 1.66111
0 1.06533
0 1.90308
0 0.655912
0 0.939505
0 3.66817
0 0.5561
0 1.69276
0 0.774443
0 2.2034
0 2.22421
0 2.34183
0 1.17316
0 0.616146
0 0.984286
0 0.348463
0 1.14972
0 1.86876
0 0
0 0
0 0.0067617
0 1.20016
0 2.2002
0 2.11391
0 1.65942
0 0.889168
0 0.702839
0 1.21042
0 0.852369
0 0.731085
0 0.908476
0 0.778155
0 1.66771
0 1.56828
0 0.173717
0 0
0 0.28481
0 3.45933
0 1.81881
0 2.08238
0 1.0669
0 0.143328
0 1.12344
0 0.335421
0 0.976723
0 1.27563
0 1.99106
0 2.9585
0 2.05225
0 1.07997
0 0.427563
0 0.711998
0 0.623096
0 1.79098
0 0.722228
0 0.272508
0 1.227
0 0
0 0
0 0
0 2.22435
0 0.40662
0 1.43313
0 0.595292
0 1.22023
0 0.0173043
0 0.181238
0 0.316075
0 0
0 0.00183334
0 0.61159
0 0.151831
0 0.228609
0 0.946578
0 0.01707
0 0
0 1.09686
0 0.200237
0 0.755155
0 1.02895
0 0.445209
0 0.196562
0 0.800453
0 2.83161
0 0
0 0.823761
0 2.8696
0 1.21145
0 0.673765
0 1.03819
0 0.27177
0 0
0 0.484312
0 0.531996
0 0.00186636
0 0.60346
0 1.28441
0 0.777121
0 0.725526
0 1.93441
0 0.370327
0 0.596296
0 0.260421
0 0.790294
0 0.863751
0 1.01798
0 0.411371
0 0.163695
0 1.71922
0 0.665045
0 0.0430843
0 1.27798
0 0.710429
0 0.0630597
0 0
0 0
0 0.846425
0 0.731499
0 0
0 0.650456
0 0.0834687
0 0.742468
0 0.628531
0 0.611709
0 1.29861
0 0.556392
0 1.10456
0 1.63465
0 1.0719
0 0.0560996
0 0
0 0
0 1.09643
0 0.555267
0 0
0 0.299133
0 0.0344494
0 0.696769
0 0.91786
0 1.04423
0 1.11058
0 0.996131
0 0.719455
0 1.95716
0 1.1499
0 0.120683
0 0
0 0
0 0.967872
0 0.462644
0 0
0 0.297999
0 0.153189
0 0.280763
0 0.745764
0 0.178868
0 0.0186764
0 0.0358922
0 0.386217
0 1.76577
0 0.285712
0 0
0 0
0 0
0 0.594934
0 0.328678
0 0
0 0.397205
0 0.204186
0 0
0 0.277547
0 0.188175
0 0.521372
0 0.188911
0 0.0458359
0 0.248399
0 0
0 0
0 0
0 0
0 0
0 0
0 0
0 0
0 0
0 0
0 0.52393
0 0.253655
0 0.606789
0 0.597357
0 0.785554
0 1.28543
0 0.269341
0 0.255708
0 0.959877
0 0.00656708
0 0
0 0
0 0
0 0
0 0
0 0.575014
0 0.519672
0 0
0 0.476679
0 0.554953
0 0.562551
0 0.383792
0 0.923652
0 0.692311
0 0.189895
0 0.000800292
0 0
0 0.17195
0 0.0698129
0 0
0 0
0 0.319105
0 0.804676
0 0.222734
0 0.00967852
0 0.0112678
0 0
0 0
0 0
0 0
0 0
0 0
0 0.282973
0 0.58285
0 0.240897
0 0.571291
0 0.0949262
0 0
0 0.241606
0 0.474929
0 0
0 0
0 0.308372
0 0.145114
0 0
0 0
0 0.0369245
0 0.947494
0 0.747146
0 0.0162901
0 0.0285353
0 1.28659
0 0.117054
0 0
0 0
0 0
0 0
0 0
0 1.13215
0 0.519523
0 0
0 0.45163
0 0.188751
0 0.0656037
0 0.445794
0 0.177915
0 0
0 0.196049
0 0.0988707
0 0.477107
0 0.592836
0 0
0 0
0 0
0 0.226995
0 0.343515
0 0
0 0.293679
0 0.121076
0 0
0 0.306533
0 0.122336
0 0
0 1.00497
0 0.805268
0 0.350159
0 0.685055
0 0.0166584
0 0.229759
0 0.127849
0 0.191806
0 0.290264
0 0.162436
0 0.00408901
0 0
0 0
0 0
0 0
0 0
0 0.596856
0 1.20682
0 0
0 0.0724694
0 0.160776
0 2.3187
0 0.655155
0 0
0 0
0 0.864297
0 0.021757
0 0
0 0
0 0.106679
0 0.457966
0 0
0 0.0732996
0 0.464849
0 0.746581
0 0.75159
0 0.570083
0 1.36579
0 0.269056
0 0.748131
0 0
0 0
0 0.811793
0 0.381632
0 0
0 1.22054
0 2.42513
0 0
0 0
0 0.0166881
0 0.0526437
0 0.202782
0 0.112298
0 0.0174106
0 0.0142566
0 0.0431793
0 0
0 0
0 0.880675
0 1.08364
0 0
0 0.330961
0 0.40933
0 0.305163
0 0.712872
0 0
0 0
0 0.490465
0 0.254224
0 0
0 0
0 0
0 0
0 0
0 0
0 0
0 0
0 0.311203
0 0.609188
0 0.332824
0 0.146195
0 0
0 0
0 0
0 0
0 0
0 0
0 0
0 0.0893943
0 0.562582
0 0
0 0.575981
0 0.181496
0 0.187436
0 0.239905
0 0
0 0.0407536
0 0.792872
0 0
0 0
0 0
0 0
0 0
0 0
0 0.0549278
0 0.345675
0 0
0 0.224394
0 0.0707083
0 0.274236
0 0.351002
0 0
0 0.010704
0 0.208249
0 0
0 0
0 0
0 0
0 0
0 0
0 0
0 0
0 0
0 0
0 0
0 0
0 0
0 0.162979
0 0.0967063
0 0
0 0
0 0.0952974
0 0.13387
0 0
0 0
0 0
0 0
0 0.693891
0 0.0197112
0 0
0 0
0 0
0 0.367814
0 0.815565
0 0.295272
0 0
0 0
0 0.342409
0 0.481003
0 0
0 0
0 0
0 0
0 0.329613
0 0.00936324
0 0
0 0
0 0
0 0.196749
0 0.170073
0 0
0 0
0 0
0 0
0 0
0 0
0 0
0 0
0 0
0 0
0 0
0 0
0 0
0 0.653719
0 0.396013
0 0
0 0.173494
0 0.606277
0 0
0 0.731021
0 0.305216
0 0
0 0
0 0
0 0.021702
0 0.278718
0 0.746072
0 0.303805
0 0.623847
0 0.00177272
0 0.00107389
0 0
0 0.302488
0 1.37163
0 0.346131
0 0.0115288
0 0.89476
0 0.135066
0 0.272093
0 0.44692
0 0.0543351
0 0.723803
0 1.34952
0 1.01339
0 0.422632
0 0
0 0
0 0
0 0
0 0.179529
0 0.178192
0 0
0 0.0239341
0 0.00363245
0 0.12623
0 0.207336
0 0
0 0.0709157
0 1.13034
0 0.878308
0 0.239387
0 0
0 0
0 0
0 0
0 0
0 0
0 0
0 0
0 0
0 0
0 0
0 0
0 0
0 0.463745
0 0.100115
0 0
0 0
0 0
0 0
0 0.334812
0 0.442074
0 0.391983
0 0
0 0
0 0
0 0
0 0
0 0
0 0
0 0
0 0
0 0
0 0
0 0
0 0
0 0.14011
0 0.863274
0 0.985483
0 0
0 0
0 0
0 0
0 0
0 0.0974578
0 0.373189
0 0
0 0
0 0
0 0
0 0
0 0
0 0
0 0.0233361
0 0.334774
0 0
0 0.00487235
0 0.0239401
0 0
0 0
0 0.120502
0 0.46143
0 0
0 0
0 0
0 0
0 0
0 0
0 0
0 0.0452547
0 0.649214
0 0
0 0.173125
0 1.17987
0 0.268589
0 0
0 0
0 0
0 0
0 0
0 0
0 0.00487334
0 0.937854
0 0
0 0
0 0
0 0
0 0.323968
0 0.386502
0 0.250445
0 0.204317
0 0
0 0
0 0
0 0
0 0
0 0
0 0.147573
0 0.189284
0 0
0 0
0 0
0 0
0 0.155999
0 0.18611
0 0
0 0
0 0
0 0
0 0.0320875
0 0.592911
0 0
0 0
0 0.53463
0 0.290945
0 0.068674
0 0.548798
0 0.445279
0 0
0 0
0 0
0 0
0 0
0 0
0 0
0 0.021952
0 0.405628
0 0
0 0
0 0
0 0
0 0.410787
0 0.562977
0 0.0686436
0 0
0 0
0 0
0 0
0 0
0 0
0 0
0 0
0 0.52931
0 0.277133
0 0
0 0
0 0.333722
0 0.367769
0 0.426692
0 0
0 0
0 0
0 0.227031
0 0.51924
0 0
0 0.0137633
0 0.00030604
0 0
0 0.213029
0 0.511395
0 0
0 0
0 1.09254
0 0.897329
0 0.358408
0 0
0 0
0 0
0 0.315194
0 0.778886
0 0
0 1.01592
0 0.02259
0 0
0 0.0618101
0 0.51248
0 0
0 0
0 0.383861
0 0.349999
0 0
0 0
0 0.234456
0 0.274984
0 0.0746276
0 0.19018
0 0
0 0
0 0
0 0
0 0
0 0
0 0
0 0
0 0
0 0
0 0
0 0
0 0.249965
0 0.293174
0 0
0 0
0 0
0 0
0 0.209705
0 0.629268
0 0.077295
0 0.194497
0 0
0 0
0 0
0 0
0 0.141132
0 0.0845571
0 0
0 0
0 0.623686
0 0.0934993
0 0.741443
0 0.175135
0 0.0533917
0 0.160214
0 0.222048
0 0.558739
0 0
0 0
0 0
0 0
0 0.517086
0 0.309805
0 0
0 0
0 0.291668
0 0.0437251
0 0.110015
0 0.0259865
0 0.277903
0 0.631221
0 0
0 0
0 0
0 0
0 0
0 0
0 0
0 0
0 0
0 0
0 0.0385453
0 0.17339
0 0
0 0
0 1.46808
0 0.780537
0 0.125893
0 0.109085
0 0
0 0
0 0
0 0
0 0
0 0
0 0
0 0
0 0.15289
0 0.687753
0 0
0 0
0 0
0 0
0 0.438042
0 0.379559
0 0
0 0
0 0
0 0
0 0
0 0
0 0
0 0
0 0.0242161
0 0.109592
0 0
0 0
0 0
0 0
0 0
0 0
0 0
0 0
0 0.0810957
0 1.84021
0 0.452424
0 0
0 0
0 0
0 0.166276
0 0.752495
0 0
0 0
0 0
0 0
0 0
0 0
0 0
0 0
0 0.0505752
0 0.550963
0 0.182473
0 0
0 0
0 0
0 0
0 0
0 0
0 0
0 0
0 0
0 0
0 0.423499
0 0.455118
0 0.069282
0 0.158947
0 0
0 0
0 0.126226
0 0.0674968
0 0
0 0
0 0
0 0
0 0
0 0
0 0
0 0
0 0.783847
0 0.442693
0 0.250243
0 0.574107
0 0
0 0
0 0.559614
0 0.299242
0 0
0 0
0 0.000130195
0 0.000338064
0 0.282097
0 0.522631
0 0
0 0
0 0
0 0
0 0
0 0
0 0.553968
0 0.452049
0 0
0 0
0 0
0 0
0 0.292529
0 0.759582
0 0.0868841
0 0.160967
0 0
0 0.329779
0 0.7196
0 0
0 0
0 0
0 0.0256393
0 0.0209222
0 0
0 0
0 0
0 0
0 0
0 0
0 0
0 0
0 0
0 0.00100558
0 0.00219424
0 0
